0	0.0479335	0.797403	0	0	0
1	0.0901467	0.202597	0	0	0
2	0.0815273	0	0	0	0
3	0.0760549	0	0	0	0
4	0.0664434	0	0	0	0
5	0.06032	0	0	0	0
6	0.0546771	0	0	0	0
7	0.0505379	0	0	0	0
8	0.0447865	0	0	0	0
9	0.0403218	0	0	0	0
10	0.0360742	0	0	0	0
11	0.0317025	0	0	0	0
12	0.0303848	0	0	0	0
13	0.0282764	0	0	0	0
14	0.0239668	0	0	0	0
15	0.0218429	0	0	0	0
16	0.0201067	0	0	0	0
17	0.0185719	0	0	0	0
18	0.0163086	0	0	0	0
19	0.0150064	0	0	0	0
20	0.013053	0	0	0	0
21	0.0126965	0	0	0	0
22	0.0106502	0	0	0	0
23	0.0102781	0	0	0	0
24	0.00905342	0	0	0	0
25	0.0083093	0	0	0	0
26	0.0076427	0	0	0	0
27	0.00705361	0	0	0	0
28	0.00651102	0	0	0	0
29	0.00545686	0	0	0	0
30	0.0051158	0	0	0	0
31	0.00466623	0	0	0	0
32	0.00406164	0	0	0	0
33	0.00409264	0	0	0	0
34	0.00361207	0	0	0	0
35	0.00337953	0	0	0	0
36	0.0025579	0	0	0	0
37	0.00283695	0	0	0	0
38	0.00234087	0	0	0	0
39	0.00224785	0	0	0	0
40	0.00178278	0	0	0	0
41	0.00164326	0	0	0	0
42	0.00162776	0	0	0	0
43	0.00136421	0	0	0	0
44	0.00108517	0	0	0	0
45	0.00102316	0	0	0	0
46	0.000930146	0	0	0	0
47	0.000744117	0	0	0	0
48	0.000790624	0	0	0	0
49	0.000852634	0	0	0	0
50	0.000837131	0	0	0	0
51	0.000759619	0	0	0	0
52	0.000713112	0	0	0	0
53	0.000604595	0	0	0	0
54	0.000558088	0	0	0	0
55	0.000372058	0	0	0	0
56	0.000294546	0	0	0	0
57	0.000279044	0	0	0	0
58	0.000341054	0	0	0	0
59	0.000279044	0	0	0	0
60	0.000217034	0	0	0	0
61	0.000170527	0	0	0	0
62	0.000201532	0	0	0	0
63	0.000139522	0	0	0	0
64	0.000217034	0	0	0	0
65	0.000170527	0	0	0	0
66	0.000186029	0	0	0	0
67	0.000108517	0	0	0	0
68	1.55024e-05	0	0	0	0
69	9.30146e-05	0	0	0	0
70	0.000124019	0	0	0	0
71	3.10049e-05	0	0	0	0
72	4.65073e-05	0	0	0	0
73	7.75122e-05	0	0	0	0
74	6.20097e-05	0	0	0	0
75	6.20097e-05	0	0	0	0
76	4.65073e-05	0	0	0	0
77	4.65073e-05	0	0	0	0
78	3.10049e-05	0	0	0	0
79	7.75122e-05	0	0	0	0
80	6.20097e-05	0	0	0	0
81	3.10049e-05	0	0	0	0
82	4.65073e-05	0	0	0	0
83	1.55024e-05	0	0	0	0
84	1.55024e-05	0	0	0	0
85	1.55024e-05	0	0	0	0
86	3.10049e-05	0	0	0	0
87	1.55024e-05	0	0	0	0
88	0	0	0	0	0
89	3.10049e-05	0	0	0	0
90	0	0	0	0	0
91	1.55024e-05	0	0	0	0
92	0	0	0	0	0
93	1.55024e-05	0	0	0	0
94	0	0	0	0	0
95	0	0	0	0	0
96	3.10049e-05	0	0	0	0
97	1.55024e-05	0	0	0	0
98	0	0	0	0	0
99	0	0	0	0	0
100	1.55024e-05	0	2.54071e-05	0	0
101	0	0	0	0	0
102	0	0	0	0	0
103	1.55024e-05	0	0	0	0
104	0	0	0	0	0
105	0	0	0	0	0
106	0	0	2.54071e-05	0	0
107	0	0	5.08143e-05	0	0
108	0	0	0	0	0
109	0	0	2.54071e-05	0	0
110	0	0	0	0	0
111	0	0	0	0	0
112	0	0	2.54071e-05	0	0
113	0	0	0.000127036	0	0
114	0	0	2.54071e-05	0	0
115	0	0	0.000203257	0	0
116	1.55024e-05	0	0.00017785	0	0
117	0	0	0.000228664	0	0
118	0	0	0.000101629	0	0
119	0	0	0.000381107	0	0
120	0	0	0.000457329	0	0
121	0	0	0.000330293	0	0
122	0	0	0.000558957	0	0
123	0	0	0.000609772	0	0
124	0	0	0.000558957	0	0
125	0	0	0.000762214	0	0
126	0	0	0.000685993	0	0
127	0	0	0.000508143	0	0
128	0	0	0.000965472	0	0
129	0	0	0.0010671	0	0
130	0	0	0.00152443	0	0
131	0	0	0.00200716	0	0
132	0	0	0.00223583	0	0
133	0	0	0.00233746	0	0
134	0	0	0.00251531	0	0
135	0	0	0.00243909	0	0
136	0	0	0.00266775	0	0
137	0	0	0.00370944	0	0
138	0	0	0.00442084	0	0
139	0	0	0.00414137	0	0
140	0	0	0.00531009	0	0
141	0	0	0.00543713	0	0.0111111
142	0	0	0.00523387	0	0
143	0	0	0.00688534	0	0
144	0	0	0.00693615	0	0
145	0	0	0.00767296	0	0
146	0	0	0.00868925	0	0
147	0	0	0.00945146	0	0
148	0	0	0.0100104	0	0
149	0	0	0.0104932	0	0
150	0	0	0.0111791	0	0
151	0	0	0.0123225	0	0
152	0	0	0.012729	0	0
153	0	0	0.0143296	0	0
154	0	0	0.0144059	0	0.0111111
155	0	0	0.0150156	0	0
156	0	0	0.0150664	0	0
157	0	0	0.0162352	0	0.0222222
158	0	0	0.0148124	0	0.0222222
159	0	0	0.0161081	6.64143e-05	0
160	0	0	0.0173023	0	0.0333333
161	0	0	0.0172515	0	0.0333333
162	0	0	0.0176072	0.000199243	0
163	0	0	0.0175563	0	0.0111111
164	0	0	0.0163622	0.000265657	0
165	0	0	0.0166417	0.000332071	0.0111111
166	0	0	0.0168703	0.000398486	0
167	0	0	0.015473	0.000796972	0
168	0	0	0.0154984	0.0013947	0.0333333
169	0	0	0.0148378	0.00252374	0.0111111
170	0	0	0.0124241	0.0037192	0.0444444
171	0	0	0.0126019	0.00664143	0.0111111
172	0	0	0.0111791	0.0102278	0.0444444
173	0	0	0.0103153	0.0191937	0.0333333
174	0	0	0.00909576	0.0326094	0
175	0	0	0.00716482	0.0469549	0
176	0	0	0.00599609	0.0628943	0
177	0	0	0.0049798	0.0743176	0
178	0	0	0.00294723	0.0664807	0
179	0	0	0.00116873	0.0501428	0.0111111
180	0	0	0.000457329	0.297602	0.244444
181	0	0	0.00170228	0.0656837	0
182	0	0	0.00279479	0.0729229	0.0111111
183	0	0	0.00561498	0.0632928	0
184	0	0	0.00645342	0.0466228	0.0111111
185	0	0	0.00777459	0.0309491	0.0222222
186	0	0	0.00899413	0.0184632	0.0222222
187	0	0	0.0095785	0.0115561	0.0333333
188	0	0	0.0107472	0.00564521	0.0333333
189	0	0	0.0129576	0.00351996	0
190	0	0	0.0137961	0.00166036	0.0222222
191	0	0	0.0144821	0.00106263	0
192	0	0	0.0158541	0.000863386	0.0111111
193	0	0	0.0161081	0.000332071	0.0222222
194	0	0	0.0165401	0.000132829	0.0444444
195	0	0	0.0166671	0.000398486	0
196	0	0	0.0160827	6.64143e-05	0.0111111
197	0	0	0.0172515	0	0.0111111
198	0	0	0.0188013	0	0.0222222
199	0	0	0.0174801	0	0.0222222
200	0	0	0.0164638	0	0.0333333
201	0	0	0.0162352	0	0.0222222
202	0	0	0.0175055	6.64143e-05	0
203	0	0	0.0151173	0	0.0222222
204	0	0	0.0157778	0	0
205	0	0	0.0150918	0	0
206	0	0	0.0140502	0	0.0111111
207	0	0	0.0130847	0	0
208	0	0	0.0126528	0	0.0111111
209	0	0	0.0120176	0	0
210	0	0	0.0105948	0	0
211	0	0	0.0103915	0	0
212	0	0	0.00988338	0	0
213	0	0	0.00988338	0	0.0111111
214	0	0	0.00843517	0	0
215	0	0	0.00874006	0	0
216	0	0	0.00731726	0	0
217	0	0	0.00599609	0	0
218	0	0	0.00564039	0	0
219	0	0	0.00594527	0	0
220	0	0	0.00495439	0	0
221	0	0	0.00368404	0	0
222	0	0	0.00424299	0	0
223	0	0	0.00414137	0	0
224	0	0	0.00309967	0	0
225	0	0	0.0028456	0	0
226	0	0	0.00287101	0	0
227	0	0	0.00223583	0	0
228	0	0	0.00210879	0	0
229	0	0	0.00134658	0	0
230	0	0	0.00152443	0	0
231	0	0	0.00114332	0	0
232	0	0	0.00111791	0	0
233	0	0	0.000685993	0	0
234	0	0	0.000990879	0	0
235	0	0	0.00088925	0	0
236	0	0	0.000813029	0	0
237	0	0	0.000609772	0	0
238	0	0	0.000381107	0	0
239	0	0	0.000203257	0	0
240	0	0	0.000228664	0	0
241	0	0	0.000330293	0	0
242	0	0	0.000101629	0	0
243	0	0	0.000127036	0	0
244	0	0	0.000228664	0	0
245	0	0	0.000152443	0	0
246	0	0	0.000101629	0	0
247	0	0	0.000101629	0	0
248	0	0	5.08143e-05	0	0
249	0	0	2.54071e-05	0	0
250	0	0	2.54071e-05	0	0
251	0	0	0.000101629	0	0
252	0	0	0	0	0
253	0	0	0	0	0
254	0	0	0	0	0
255	0	0	2.54071e-05	0	0
256	0	0	0	0	0
257	0	0	0	0	0
258	0	0	2.54071e-05	0	0
259	0	0	0	0	0
260	0	0	0	0	0
261	0	0	0	0	0
262	0	0	0	0	0
263	0	0	0	0	0
264	0	0	0	0	0
265	0	0	2.54071e-05	0	0
266	0	0	0	0	0
267	0	0	0	0	0
268	0	0	0	0	0
269	0	0	0	0	0
270	0	0	0	0	0
271	0	0	0	0	0
272	0	0	0	0	0
273	0	0	0	0	0
274	0	0	0	0	0
275	0	0	0	0	0
276	0	0	0	0	0
277	0	0	0	0	0
278	0	0	0	0	0
279	0	0	0	0	0
280	0	0	0	0	0
281	0	0	0	0	0
282	0	0	0	0	0
283	0	0	0	0	0
284	0	0	0	0	0
285	0	0	0	0	0
286	0	0	0	0	0
287	0	0	0	0	0
288	0	0	0	0	0
289	0	0	0	0	0
290	0	0	0	0	0
291	0	0	0	0	0
292	0	0	0	0	0
293	0	0	0	0	0
294	0	0	0	0	0
295	0	0	0	0	0
296	0	0	0	0	0
297	0	0	0	0	0
298	0	0	0	0	0
299	0	0	0	0	0
300	0	0	0	0	0
301	0	0	0	0	0
302	0	0	0	0	0
303	0	0	0	0	0
304	0	0	0	0	0
305	0	0	0	0	0
306	0	0	0	0	0
307	0	0	0	0	0
308	0	0	0	0	0
309	0	0	0	0	0
310	0	0	0	0	0
311	0	0	0	0	0
312	0	0	0	0	0
313	0	0	0	0	0
314	0	0	0	0	0
315	0	0	0	0	0
316	0	0	0	0	0
317	0	0	0	0	0
318	0	0	0	0	0
319	0	0	0	0	0
320	0	0	0	0	0
321	0	0	0	0	0
322	0	0	0	0	0
323	0	0	0	0	0
324	0	0	0	0	0
325	0	0	0	0	0
326	0	0	0	0	0
327	0	0	0	0	0
328	0	0	0	0	0
329	0	0	0	0	0
330	0	0	0	0	0
331	0	0	0	0	0
332	0	0	0	0	0
333	0	0	0	0	0
334	0	0	0	0	0
335	0	0	0	0	0
336	0	0	0	0	0
337	0	0	0	0	0
338	0	0	0	0	0
339	0	0	0	0	0
340	0	0	0	0	0
341	0	0	0	0	0
342	0	0	0	0	0
343	0	0	0	0	0
344	0	0	0	0	0
345	0	0	0	0	0
346	0	0	0	0	0
347	0	0	0	0	0
348	0	0	0	0	0
349	0	0	0	0	0
350	0	0	0	0	0
351	0	0	0	0	0
352	0	0	0	0	0
353	0	0	0	0	0
354	0	0	0	0	0
355	0	0	0	0	0
356	0	0	0	0	0
357	0	0	0	0	0
358	0	0	0	0	0
359	0	0	0	0	0
360	0	0	0	0	0
